image,ALB,BET,DOL,LAG,NoF,OTHER,SHARK,YFT
img_00005.jpg,0.0408598630371,0.0078714656847,0.00839670268083,0.00865695996105,0.88437786657,0.0309497998491,0.00982183857423,0.00906550364269
img_00007.jpg,0.983350614602,0.00225713197159,0.00198487299067,0.00230227537216,0.00216781400878,0.00218359978981,0.00182329957621,0.00393039168875
img_00009.jpg,0.961457961707,0.0229557084315,0.00237093130254,0.00225900142851,0.00338734759161,0.00315259667469,0.00207721181543,0.00233924104841
img_00018.jpg,0.972122184402,0.00221253481898,0.00224583631796,0.00203622839464,0.0022566890811,0.00208034607235,0.00175446510705,0.0152917158061
img_00027.jpg,0.19722314461,0.0900167306352,0.0372811510204,0.0380939665394,0.0882823316909,0.423185000117,0.0593325152387,0.0665851601481
img_00030.jpg,0.316576451188,0.0247835062777,0.0262690271732,0.122538506179,0.389710143083,0.0300059574865,0.059682469938,0.0304339386755
img_00040.jpg,0.319630650509,0.0259867484375,0.0247368368793,0.0335400985574,0.0345673550404,0.361130615897,0.0236877356934,0.176719958986
img_00046.jpg,0.525365312861,0.00725881928526,0.00808952553107,0.00666955630065,0.430604012499,0.00776612569858,0.00777659671193,0.00647005111281
img_00053.jpg,0.984343461583,0.00409355588801,0.00192321173423,0.00180398390401,0.00290024869793,0.00153938584641,0.00171190506531,0.00168424728087
img_00071.jpg,0.75202199731,0.00861284854592,0.0048584422444,0.0109798099452,0.194161359023,0.00944446101427,0.0145822671892,0.00533881472742
img_00075.jpg,0.452582573739,0.0174897833071,0.0173935300206,0.0236499087772,0.411593444461,0.0203093131315,0.0259368192831,0.0310446272802
img_00102.jpg,0.25611266995,0.0404240105713,0.0472450741655,0.048431565973,0.040939461099,0.126292178538,0.0418315377023,0.398723502001
img_00103.jpg,0.972563043662,0.00365292160073,0.00306338608791,0.00310082639789,0.00411936971715,0.00804185975427,0.00224217476756,0.00321641801253
img_00109.jpg,0.963114322516,0.0033738773366,0.00458378917303,0.00369792826866,0.0126713951794,0.00373964251009,0.00471703361708,0.00410201139915
img_00119.jpg,0.0335228838645,0.0132066704157,0.00898930969389,0.00839320245593,0.878494942672,0.0155480656729,0.0086580098909,0.0331869153341
img_00120.jpg,0.790699380293,0.0122715125433,0.00863370729259,0.0117528260423,0.00788896759093,0.0984827718047,0.0083863066145,0.0618845278182
img_00125.jpg,0.947849321882,0.00429748485861,0.00606205857187,0.00689765748509,0.00883532369218,0.0132368920335,0.00492804626185,0.00789321521496
img_00128.jpg,0.576151325312,0.025220711832,0.0790065346441,0.0224120691279,0.0205099135608,0.0212022381688,0.0243389809699,0.231158226385
img_00129.jpg,0.595848128984,0.0309571898841,0.0264834455179,0.028843027148,0.0235572234452,0.188034340419,0.0231069440941,0.0831697005074
img_00133.jpg,0.291875923241,0.0147171254343,0.00874354478642,0.0103989132557,0.632284909087,0.0147179400808,0.00766976539057,0.0195918787241
img_00138.jpg,0.901240694073,0.0145083768879,0.0158675453769,0.00879090879878,0.0310297090438,0.0120884956556,0.00842528395527,0.00804898620874
img_00141.jpg,0.0633264634721,0.00827240855457,0.0417284352174,0.0097133877885,0.0129408245037,0.0233041697023,0.00960733561987,0.831106975142
img_00152.jpg,0.841050913897,0.0150097992761,0.0125302971093,0.0129659421021,0.0189065323538,0.0355048416451,0.0128444969949,0.0511871766218
img_00161.jpg,0.0127070674361,0.00752630795835,0.00586511164041,0.0318124179303,0.0075377889173,0.00987038183364,0.0170241424213,0.907656781863
img_00164.jpg,0.0980169696206,0.0103879091792,0.0140497785202,0.00986918707303,0.823631606725,0.017937248377,0.00996923829537,0.0161380622097
img_00170.jpg,0.929233839288,0.0176237590631,0.00709235792946,0.00645250042584,0.00501724263816,0.0173301837322,0.0045416964833,0.0127084204401
img_00171.jpg,0.621058832893,0.0345005511998,0.0411272941122,0.0683195711752,0.115646576736,0.0625442661859,0.0298193374812,0.0269835702164
img_00172.jpg,0.0150967760031,0.00236953200711,0.00192451652157,0.00193849677155,0.971156694776,0.00278910621585,0.0020846123698,0.00264026533528
img_00175.jpg,0.964223775054,0.00564700029692,0.00336891440679,0.00362745356575,0.00921268184173,0.00803415044846,0.00314500934898,0.00274101503691
img_00180.jpg,0.811916231275,0.0175347370474,0.015449555727,0.0154056042783,0.0363490851534,0.0194023212909,0.0150627208627,0.0688797443648
img_00196.jpg,0.0178560302263,0.00481980042844,0.00447017024899,0.00337762776577,0.953583630003,0.0067311618106,0.00334789092885,0.00581368858799
img_00212.jpg,0.897231683845,0.00948476505226,0.0047534620093,0.00470323008737,0.00447122009228,0.00731244077317,0.00544405695434,0.0665991411866
img_00223.jpg,0.932233899736,0.00724447980335,0.00783980394487,0.00673452278809,0.0218840655125,0.0107166967061,0.00730963798976,0.00603689351935
img_00230.jpg,0.983428459695,0.00229237243245,0.00284029568032,0.00187341434183,0.00124353664742,0.00473898717194,0.00138291181159,0.00220002221895
img_00232.jpg,0.584716258334,0.0614448145516,0.0561164238392,0.038407800396,0.0497764039125,0.0442028901962,0.100831152341,0.0645042564296
img_00244.jpg,0.97061954333,0.00397982112893,0.00198843050556,0.00237480020593,0.0107725556448,0.00492472808438,0.00283138008619,0.00250874101434
img_00272.jpg,0.851535977764,0.0132115511549,0.0131887783404,0.0097970511773,0.0195074633591,0.0704146621667,0.00941478438773,0.0129297316501
img_00280.jpg,0.441549878976,0.00315705104044,0.00387084244339,0.00372297835743,0.53254047081,0.00339344562971,0.0042377267708,0.00752760597191
img_00282.jpg,0.85657749659,0.0186692602938,0.0129114927172,0.016730028297,0.0465662996399,0.0290794275775,0.00977341233534,0.00969258254887
img_00285.jpg,0.615103625832,0.0323113501049,0.0663495830944,0.0373460637897,0.0397694373886,0.0604001469176,0.0281223345991,0.120597458274
img_00289.jpg,0.939439027907,0.00395576819815,0.00473733288588,0.00381640860767,0.0348792804235,0.00464286888106,0.0043114389174,0.004217874179
img_00292.jpg,0.600925341655,0.0378140293737,0.0552424969849,0.0451255577573,0.0496128080222,0.0473892565124,0.0635041832084,0.100386326486
img_00302.jpg,0.18036563576,0.0240302131458,0.0222900346954,0.0439804603047,0.0230003457115,0.565423300443,0.0206419176294,0.120268092309
img_00311.jpg,0.853358945846,0.00457193938716,0.00519152028976,0.00376594366872,0.120322643677,0.0039966821534,0.00381850443624,0.004973820542
img_00320.jpg,0.971702760541,0.00304015609605,0.00302460708834,0.00261583195864,0.0063166000117,0.0030468036852,0.00393144121685,0.00632179940198
img_00331.jpg,0.941513973927,0.0059018956041,0.0037925284829,0.00404402122806,0.00417248204421,0.02815899851,0.0035899659438,0.00882613425985
img_00358.jpg,0.0431106138486,0.705487556219,0.0193421604882,0.0203115265778,0.0162532566288,0.0402536784339,0.014691656257,0.140549551547
img_00374.jpg,0.789451962934,0.0100233876951,0.00936523757391,0.0100311366793,0.0175980736738,0.00866651157146,0.00731677241566,0.147546917457
img_00375.jpg,0.943236477155,0.00888641759971,0.00722644748268,0.00581437350418,0.00637748759043,0.0107139129339,0.00518358359024,0.0125613001442
img_00376.jpg,0.905991076234,0.0121869852128,0.00663583918751,0.0236854417462,0.0110577319972,0.0204978442647,0.00692497331057,0.0130201080472
img_00380.jpg,0.665233115003,0.0256716858362,0.0184862103465,0.0194983635939,0.20436365031,0.0273953408771,0.0235997623253,0.0157518717088
img_00383.jpg,0.813365182312,0.00907143468785,0.00830560429925,0.00877334251019,0.130590125298,0.00896343417545,0.00954896602698,0.0113819106898
img_00398.jpg,0.730438491017,0.0678300775601,0.00858429302807,0.00849161993659,0.00970239343514,0.0134712389959,0.0136042095479,0.147877676479
img_00407.jpg,0.839529959096,0.0224864480461,0.0127708473131,0.0164879918768,0.0195684534692,0.0229991697427,0.0116190862613,0.0545380441949
img_00417.jpg,0.706363225452,0.0117437062173,0.00653743451956,0.00587760884515,0.00781732904539,0.00872847890647,0.00738114024226,0.245551076771
img_00432.jpg,0.203515427984,0.014334872428,0.01167223267,0.011422769184,0.0119080323692,0.710356210627,0.00770127973874,0.0290891749992
img_00442.jpg,0.00783474585829,0.0156896776461,0.00396023083009,0.00313866458016,0.00467307761368,0.0042903593899,0.00316042029652,0.957252823785
img_00446.jpg,0.528527909392,0.0856080385153,0.0313084265872,0.0531526858874,0.122080516547,0.068486753081,0.0346087860763,0.0762268839147
img_00469.jpg,0.945327433754,0.0101816785636,0.0047146758485,0.00384748256625,0.0141577166363,0.00917510848276,0.00493481148079,0.00766109266781
img_00473.jpg,0.92779091812,0.00416754703955,0.0049087805193,0.00482711072981,0.0394114499111,0.00450791180037,0.00556452738911,0.00882175449082
img_00483.jpg,0.701960787047,0.0176579373915,0.0192772916682,0.015609840068,0.0767905655985,0.018339429438,0.0257970477352,0.124567101053
img_00484.jpg,0.968055270728,0.00457932541593,0.00540301590826,0.00343703438656,0.00742397123275,0.00402672636031,0.00338021337917,0.00369444258866
img_00486.jpg,0.959749848444,0.00674617136729,0.00426556858474,0.00425860644853,0.0119585794897,0.00567757305103,0.00368270069644,0.00366095191845
img_00487.jpg,0.0300940547625,0.00378517381003,0.00276446729381,0.00275204935603,0.945668837926,0.00817168679345,0.003287910747,0.00347581931113
img_00493.jpg,0.251642021794,0.0388601762561,0.0402012927571,0.0507620959383,0.378184738573,0.0663678700661,0.110949960961,0.0630318436537
img_00518.jpg,0.943348653126,0.00813064337087,0.00592305611171,0.00524576696361,0.0186916128223,0.00676191216161,0.00608951892511,0.00580883651858
img_00533.jpg,0.112736351769,0.137328552853,0.0371288796578,0.0429507402842,0.0387541880784,0.106798957207,0.0360101336487,0.488292196502
img_00538.jpg,0.714301077474,0.0253701298267,0.0314343172841,0.038658066663,0.0885361895085,0.0258011299043,0.023589517731,0.052309571608
img_00543.jpg,0.723791926737,0.0112430172381,0.0111126460677,0.0111895653676,0.207847183831,0.0115863282029,0.0102420784959,0.0129872540595
img_00550.jpg,0.528365742429,0.0429103738716,0.0724006286246,0.0429213516509,0.0728489846026,0.164433905008,0.0289023773257,0.047216636488
img_00551.jpg,0.878540936675,0.0129459769297,0.0103621527039,0.0190063841532,0.00889288491061,0.0319954858106,0.0104516537289,0.0278045250877
img_00564.jpg,0.181170154913,0.0110625639286,0.00788324332084,0.00684988511411,0.737188071252,0.0402712094455,0.00675518146365,0.00881969056202
img_00575.jpg,0.925957401928,0.00705132532304,0.00691786760849,0.00634850379911,0.0134666815175,0.0228706425827,0.00730910137573,0.010078475866
img_00582.jpg,0.952273016514,0.00359916971481,0.00295063045367,0.00326354974745,0.0250352027436,0.00447511191255,0.00340926580357,0.00499405311057
img_00584.jpg,0.841877269848,0.0142359318729,0.0131163314309,0.0120091947792,0.0826908256091,0.0122166180218,0.010572888612,0.0132809398262
img_00587.jpg,0.142487078058,0.170763690556,0.0483563507623,0.0698836442139,0.146263689181,0.159795572859,0.0446898373841,0.217760136986
img_00590.jpg,0.572938948056,0.0447249029709,0.0709354403575,0.0636744495536,0.0522936908988,0.0499243045599,0.058522712116,0.0869855514871
img_00591.jpg,0.737843189097,0.0432678521669,0.0240083404436,0.030587943452,0.0217678994098,0.0670502166799,0.0300135244588,0.0454610342918
img_00598.jpg,0.979268508366,0.00390004189797,0.00208155595134,0.00305077644204,0.00426908218953,0.00235747170265,0.00192384159388,0.00314872185704
img_00599.jpg,0.897827198072,0.0145323326101,0.00782351918754,0.0104155506785,0.0104798622392,0.0157376318747,0.00804150659461,0.0351423987432
img_00612.jpg,0.917369997166,0.00422213928772,0.00263035872146,0.0515788175659,0.00614133837301,0.0114356650244,0.00274077698687,0.00388090687442
img_00618.jpg,0.949357276303,0.00608275417483,0.0046960919201,0.00451912594686,0.021754458859,0.00390048960628,0.00441230085472,0.00527750233561
img_00620.jpg,0.784120987642,0.0264676561335,0.0319781912459,0.0221820246395,0.0408584363551,0.0254814669456,0.0341934610206,0.034717776018
img_00642.jpg,0.940865226335,0.00597348139299,0.00465679791314,0.0202184674049,0.00573997140938,0.006496572925,0.00538059224033,0.0106688903797
img_00646.jpg,0.134247872605,0.0320144874532,0.0341557943842,0.0182365483835,0.0159423184148,0.0458182855846,0.018387060084,0.701197633091
img_00648.jpg,0.81324031421,0.00564133071359,0.00787766022008,0.00558458086421,0.147788324304,0.00633896066407,0.00600843956582,0.0075203894587
img_00650.jpg,0.103820708215,0.0323485226555,0.0282886322306,0.0264001432411,0.552473933367,0.191274892034,0.0219792377273,0.0434139305294
img_00654.jpg,0.460533567523,0.0812648639935,0.0698445197058,0.0403319669116,0.16092004176,0.104303442992,0.0437337772185,0.0390678198957
img_00664.jpg,0.986953144229,0.00171776887002,0.00319554891308,0.00154613465169,0.00186430137506,0.00121015142924,0.0016002321881,0.00191271834414
img_00667.jpg,0.0072892423585,0.00291447209528,0.00304937989407,0.00257669452258,0.971877548526,0.00443377120727,0.00277640222326,0.00508248917259
img_00676.jpg,0.0258409642532,0.00870459187146,0.00703595031037,0.00639501255369,0.908686333204,0.0146142964952,0.00714050684047,0.021582344472
img_00697.jpg,0.140851605092,0.0609304439813,0.231469751563,0.0383853788012,0.0510654788751,0.0651276890944,0.0344008154407,0.377768837152
img_00708.jpg,0.405777523093,0.0496075305133,0.0368841355985,0.042366569423,0.0710762595716,0.119296826156,0.0318033624426,0.243187793202
img_00716.jpg,0.0200464249102,0.0332585951187,0.016975683431,0.14575197151,0.0219406624494,0.173779566933,0.0188525169527,0.569394578694
img_00717.jpg,0.987657400564,0.00157630352197,0.0013986728157,0.00124666877938,0.00300671425326,0.00174547348122,0.00143882476298,0.00192994182174
img_00718.jpg,0.841689650323,0.00867940239714,0.0145430180888,0.0116278414441,0.0101471484146,0.0355604719783,0.00776901976408,0.0699834475899
img_00723.jpg,0.407713633476,0.00626651711838,0.00666317161614,0.00528387062831,0.55793583919,0.00530072845948,0.00569961262215,0.00513662688908
img_00724.jpg,0.356035365898,0.0377245618765,0.0414678881567,0.0448236610572,0.0822356393474,0.083780216357,0.217703575386,0.136229091921
img_00726.jpg,0.925096973761,0.00520865210786,0.00395380361487,0.00398940021158,0.0059709717348,0.0448335021931,0.00568374922236,0.00526294715416
img_00729.jpg,0.191590773541,0.00201391744128,0.00234840384682,0.00254583739886,0.792651165738,0.00268459170682,0.00296835419306,0.00319695613391
img_00730.jpg,0.56423484798,0.0152972004544,0.0147011173985,0.0156349338596,0.0206413709988,0.0343122113919,0.0153344993647,0.319843818552
img_00757.jpg,0.966483635043,0.00171325775814,0.00194064562173,0.00294653835697,0.01758672116,0.00267887906904,0.002765907715,0.00388441527655
img_00760.jpg,0.920881858161,0.019678840612,0.00947718605137,0.00933973568158,0.011493056809,0.0128954778606,0.00895458126793,0.00727926355664
img_00763.jpg,0.0212762336125,0.0133314301692,0.0103888421011,0.00819290254843,0.911013734112,0.0109159190214,0.00741079666193,0.0174701417739
img_00764.jpg,0.222296814047,0.0907154210121,0.0568876991771,0.152154096111,0.103637985427,0.0482607475909,0.0372214161072,0.288825820528
img_00765.jpg,0.0424162802772,0.0187050265199,0.0148900346406,0.0152293881224,0.0711350814103,0.799191813029,0.0141468704054,0.0242855055951
img_00772.jpg,0.276428329242,0.0172646003343,0.574948374515,0.0112622363633,0.0150130848836,0.0413853621546,0.0136776394259,0.0500203730821
img_00773.jpg,0.607601267555,0.0599876489687,0.0560707067807,0.0318246094355,0.118921801126,0.0572586931318,0.0333753802818,0.0349598927204
img_00777.jpg,0.983065513674,0.00146430751994,0.00224820552336,0.00144724678673,0.00374973441667,0.00508816275779,0.00152249637422,0.00141433294686
img_00780.jpg,0.534328959921,0.0687983912124,0.0264428489009,0.0338953845369,0.0239773505902,0.0567983322877,0.0411661793593,0.214592553191
img_00798.jpg,0.982353749499,0.00153048913617,0.00214044064594,0.00235427058561,0.00536845852578,0.00174259118564,0.00178397667233,0.00272602374946
img_00808.jpg,0.979908853014,0.0029708105378,0.00251615047461,0.00153850014835,0.00604695595536,0.00193760826699,0.00159510703353,0.00348601456955
img_00816.jpg,0.981433363378,0.00216454340382,0.00289199704101,0.00198048267954,0.00454171996613,0.00251503113496,0.00211058448369,0.0023622779132
img_00828.jpg,0.0056999993571,0.00503654256085,0.00295638083956,0.00293542559847,0.970386062896,0.00503999595236,0.00307265348538,0.00487293931001
img_00833.jpg,0.183235326289,0.0473239623397,0.0583929768344,0.0492575813972,0.0721898862328,0.390377949181,0.0573447345825,0.141877583144
img_00837.jpg,0.976066949752,0.00335558870257,0.0018402368433,0.0020968850953,0.00872669234625,0.00268994909252,0.002003282918,0.00322041525053
img_00855.jpg,0.678366434279,0.0169447844455,0.0238618134641,0.0431180747441,0.0352665565434,0.0138457548223,0.0166915368416,0.17190504486
img_00857.jpg,0.988250271433,0.00144751473436,0.00125186504064,0.00133487672101,0.0022782949026,0.00138547979392,0.00228590923677,0.00176578813754
img_00858.jpg,0.848013214975,0.0131219312863,0.00809206984914,0.0080055509005,0.0904003961974,0.00806916910462,0.00970290881852,0.0145947588686
img_00865.jpg,0.987165009146,0.00348900379149,0.00134791354181,0.00147235337073,0.00203016512195,0.00183677297889,0.00143142029758,0.00122736175109
img_00876.jpg,0.0135413098981,0.00697718477426,0.00459241610505,0.00438017382444,0.942726888429,0.00869768123328,0.00443430838565,0.01465003735
img_00889.jpg,0.678115234391,0.0262660846088,0.0468982740007,0.0256064236378,0.0358540183972,0.0346560751273,0.0250266238574,0.127577265979
img_00894.jpg,0.690246128191,0.00706601421417,0.00726549217128,0.00725013264402,0.264981825556,0.00639747912187,0.00781160775386,0.00898132034757
img_00902.jpg,0.336848918262,0.157571920164,0.0677155210621,0.0471551311918,0.0804204288846,0.0383444960961,0.165457531303,0.106486053035
img_00914.jpg,0.370788241726,0.0180557423297,0.00941789730385,0.00594345352051,0.00638618731157,0.00635503568512,0.00527661500604,0.577776827117
img_00921.jpg,0.533878147846,0.0409008188734,0.025766932897,0.0253146638159,0.0910887953805,0.203354315306,0.0403388169801,0.0393575089012
img_00927.jpg,0.205638161956,0.0702054031041,0.0930161813117,0.0808041942662,0.0745509332782,0.103663762812,0.119908141606,0.252213221667
img_00943.jpg,0.931487062089,0.00504604955186,0.00625738227281,0.00532734519955,0.0155254755195,0.00710713793394,0.00961548908177,0.019634058352
img_00948.jpg,0.740995306307,0.0228176259827,0.0167548222677,0.016532559296,0.142354813531,0.0209829149989,0.0206544819415,0.0189074756754
img_00950.jpg,0.0127586895215,0.00619904472877,0.00626247166471,0.00533849917573,0.898328966159,0.0486586098064,0.00867979164592,0.013773927298
img_00959.jpg,0.979596909412,0.00208798476045,0.00208287785146,0.00213798594548,0.00560313551214,0.00276000039423,0.00265562128129,0.00307548484266
img_00962.jpg,0.0268911038195,0.0226158340903,0.649285014449,0.0187190499916,0.0213201267836,0.026004858717,0.0126005132891,0.22256349886
img_00964.jpg,0.099070635518,0.060928912826,0.752125893853,0.0147804192192,0.015225308776,0.0140231703399,0.0165179825047,0.0273276769636
img_00966.jpg,0.0899488105422,0.00894320987345,0.00951747217958,0.0108293187118,0.829229816295,0.0125896650655,0.0157426584494,0.0231990488832
img_00974.jpg,0.982745356016,0.00204470560482,0.0020710859105,0.00233437069091,0.00298951283564,0.00191136053995,0.00241716567859,0.00348644272362
img_00979.jpg,0.360152500415,0.0347944602779,0.0543527680128,0.0240765198378,0.0283629554002,0.0579106116317,0.0239910275581,0.416359156866
img_00982.jpg,0.199363224203,0.108766611897,0.0828938792755,0.0509851187378,0.296143308093,0.0704117907459,0.0560887229005,0.135347344146
img_00985.jpg,0.0389142625185,0.0189773973329,0.0155888831475,0.106872932407,0.0141338992758,0.0204454383162,0.0433169784365,0.741750208565
img_00999.jpg,0.619907450561,0.00524148723462,0.00567072475679,0.0055665614966,0.00742599496132,0.261327493691,0.00858775269342,0.086272534605
img_01022.jpg,0.914345988704,0.0102917767836,0.00948620148389,0.0163904991047,0.0166473622142,0.0144437676173,0.00643042652824,0.0119639775646
img_01031.jpg,0.859312671809,0.011019707791,0.00912091731203,0.0112580846501,0.0738328232338,0.0121638843972,0.0117839836331,0.0115079271743
img_01035.jpg,0.974422287587,0.00206510105161,0.00210766501007,0.00352940455679,0.00816423924688,0.00538215517762,0.00210062763144,0.00222851973847
img_01043.jpg,0.240404177037,0.00308435759521,0.00290160315384,0.00264397669085,0.729905028374,0.0130980799025,0.00229061750617,0.00567215973998
img_01058.jpg,0.837532796842,0.0160720620107,0.0152273474789,0.0130111318325,0.023027331788,0.0126076133476,0.013763813418,0.0687579032821
img_01059.jpg,0.849335539102,0.018571413237,0.0164183399205,0.016961881598,0.0167424752653,0.0174049506974,0.0148281553577,0.0497372448218
img_01090.jpg,0.158391576719,0.0280493733757,0.0224801692391,0.0209942331549,0.696900805614,0.0219148881059,0.0226064047441,0.0286625490469
img_01102.jpg,0.119149033236,0.0236048714776,0.0167939601543,0.0234917626716,0.0655951748068,0.0159863083913,0.0192965329549,0.716082356307
img_01103.jpg,0.425275069647,0.331504938317,0.0474276749119,0.0337612073399,0.0383297237652,0.0404971793804,0.0342536152885,0.04895059135
img_01116.jpg,0.982401984161,0.00477288486247,0.00178837087632,0.00191409290725,0.00220401275928,0.00277501772827,0.00191611395238,0.00222752275284
img_01134.jpg,0.966266549405,0.00349656539023,0.00356549949703,0.00514507545136,0.00381353832912,0.00942194642601,0.00278170131749,0.00550912418414
img_01142.jpg,0.976908245063,0.00204243578252,0.00289397535306,0.00318139755899,0.00704753496931,0.00255320256477,0.00244151463719,0.00293169407066
img_01168.jpg,0.133837859715,0.032536486441,0.0404694613662,0.193275108363,0.125021947725,0.271407538848,0.0441290893929,0.159322508149
img_01171.jpg,0.0244384988639,0.0238112774151,0.0134135755763,0.0145051615906,0.857951859058,0.02422423961,0.0152216460206,0.0264337418658
img_01177.jpg,0.976747411695,0.00272223243785,0.00556557069307,0.0027627571512,0.00414247336593,0.00273042037524,0.00280618477709,0.00252294950512
img_01179.jpg,0.978118895305,0.00274877836221,0.00365815273013,0.0035213521129,0.00512776391494,0.0026004608866,0.00174843627587,0.0024761604123
img_01188.jpg,0.25985319144,0.0328422134251,0.0274735803392,0.0281826204301,0.0553691503991,0.50480468727,0.023368734193,0.0681058225034
img_01198.jpg,0.655591433098,0.00935422505719,0.00827658874106,0.0079294642066,0.292947908267,0.00979782768294,0.00686984943584,0.00923270351151
img_01204.jpg,0.0236683503352,0.00953933130475,0.00797796222009,0.00809478871618,0.900324341257,0.0132032927979,0.00750114831794,0.029690785051
img_01208.jpg,0.0226395437011,0.0105947965468,0.00973199260924,0.0102404952813,0.890777406914,0.0151888101704,0.0136514190794,0.0271755356977
img_01211.jpg,0.676035200167,0.00860636776983,0.0091596335329,0.00908451342431,0.261352302825,0.00943586303323,0.00995620594739,0.0163699133007
img_01213.jpg,0.956554773222,0.00670553828954,0.00414452741496,0.00448665957968,0.0116386411409,0.00391043006387,0.00419523986591,0.00836419042291
img_01222.jpg,0.947704764168,0.00403404596445,0.00228294023412,0.00209408696458,0.00490298643467,0.028082913072,0.00657611703715,0.0043221461253
img_01224.jpg,0.28414802677,0.0547810126867,0.124334105199,0.0466742215315,0.0494638574265,0.103992821939,0.039869037475,0.296736916972
img_01237.jpg,0.0547963591621,0.0106770245824,0.0072776925583,0.00821766135296,0.885803306124,0.00936992680037,0.0090336134874,0.0148244159327
img_01249.jpg,0.0154454036666,0.00358289610311,0.00247537183176,0.00329429701251,0.965864104482,0.00348043100446,0.00234864136128,0.00350885453845
img_01253.jpg,0.124010605959,0.0480687099278,0.0153206262695,0.0197087762867,0.019766825226,0.0240516141956,0.0215009687746,0.727571873361
img_01286.jpg,0.886112120825,0.018989724063,0.00976300119047,0.00689343751735,0.0362534964978,0.0128497189491,0.00840094302036,0.0207375579373
img_01289.jpg,0.110149301952,0.00633259507978,0.00520808384954,0.00851382810663,0.0116550016257,0.00569900408416,0.00546531879788,0.846976866504
img_01325.jpg,0.291568705278,0.0183377230372,0.0178908583857,0.0100709061453,0.624376881713,0.00948884429578,0.0105869515944,0.0176791295505
img_01328.jpg,0.956658357218,0.00937450909175,0.00329438695608,0.0044476892136,0.0124353879155,0.0046636886404,0.00318129722327,0.0059446837418
img_01366.jpg,0.963489277737,0.00327094769194,0.00309379436111,0.00284264183635,0.0100140797061,0.011184363039,0.0029456673689,0.00315922825912
img_01371.jpg,0.820860732879,0.00854672361796,0.00966722998974,0.00862754708198,0.118524876259,0.00836978871855,0.012658833724,0.0127442677301
img_01373.jpg,0.196362943534,0.0141540782454,0.00891750699106,0.00880089924022,0.738516274087,0.0123271999286,0.00806503451451,0.012856063459
img_01377.jpg,0.423722317241,0.0290664651372,0.0275595459331,0.0230399894568,0.367548871645,0.0711231159353,0.0256593832968,0.0322803113546
img_01379.jpg,0.964704767236,0.00586503664365,0.00388575957726,0.0043137752509,0.0080103870234,0.00500160229003,0.00312255872841,0.00509611325057
img_01384.jpg,0.919747293565,0.0143135660971,0.00813410822041,0.00803841930159,0.00664221079663,0.0198859735033,0.0075564839079,0.0156819446079
img_01388.jpg,0.954065804482,0.00656962881783,0.00237176548825,0.00410368203857,0.0151351081162,0.00969860816264,0.00308878178538,0.00496662110891
img_01392.jpg,0.262282141485,0.132609033708,0.0899227513326,0.0751969503416,0.139049564751,0.0718511981555,0.0737461363695,0.155342223856
img_01399.jpg,0.113990542446,0.238296445529,0.0600143696885,0.292419881748,0.0273045807752,0.0261613140838,0.0262479972786,0.21556486845
img_01404.jpg,0.985787944643,0.00130434896153,0.00148813035094,0.00242511073744,0.00177276147019,0.00206251804152,0.00133997244638,0.00381921334919
img_01405.jpg,0.98428235787,0.00159173115398,0.00133650491641,0.00204728353058,0.00580692103764,0.00141954728146,0.00186514603267,0.0016505081769
img_01413.jpg,0.981011107677,0.00283914547731,0.002326441249,0.00262169740723,0.00345971868748,0.00210441602429,0.00244828658247,0.0031891868957
img_01426.jpg,0.793733514986,0.101650949889,0.0155006889605,0.0161849984764,0.0211182762909,0.017833447268,0.0149970107794,0.0189811133502
img_01431.jpg,0.983365426349,0.00285893569049,0.00153627029351,0.00258533778619,0.00306797444474,0.00228703686343,0.00242044011618,0.00187857845616
img_01441.jpg,0.055477944433,0.018079615741,0.00922070102454,0.0101751349739,0.0154818481385,0.0173224758394,0.011802427215,0.862439852635
img_01444.jpg,0.273260570292,0.0832804515255,0.0258641908096,0.142350219062,0.0268493184973,0.135771974592,0.0295942881198,0.283028987102
img_01490.jpg,0.149678263832,0.0265133244791,0.0402320038886,0.0190132811405,0.0404399434479,0.0178277645002,0.0201942827792,0.686101135932
img_01495.jpg,0.937830920106,0.00690916304504,0.00527075331244,0.00694417193079,0.0156715479315,0.00536496393082,0.00505572388138,0.0169527558618
img_01505.jpg,0.0315313503212,0.0134812058825,0.0131487444661,0.0129375826159,0.850238080643,0.0278758324738,0.0137304093993,0.0370567941978
img_01511.jpg,0.879650308519,0.0113158882991,0.00991818589974,0.00765571811434,0.0349411634946,0.0221659038426,0.0259570502795,0.00839578155122
img_01519.jpg,0.810316616574,0.0237449686682,0.013739834507,0.053547833721,0.024352141482,0.0313666056457,0.0137337074339,0.0291982919685
img_01530.jpg,0.981193152453,0.00315769800909,0.0022890161371,0.00252100536497,0.00362941970989,0.00194594305508,0.00238694237846,0.00287682289252
img_01537.jpg,0.95238369351,0.00335904777957,0.00596047782317,0.00325074298226,0.0126958588269,0.0139281323315,0.00323317858143,0.00518886816487
img_01538.jpg,0.94976375957,0.00402105946264,0.00336218454067,0.00438113696117,0.00789990725369,0.0229587486272,0.00335827369585,0.00425492988842
img_01541.jpg,0.0388223057082,0.0323902466082,0.0177614145204,0.0154276682572,0.761017701842,0.0391109049436,0.0161509741358,0.0793187839845
img_01543.jpg,0.928274043124,0.00844430525923,0.00898977128927,0.00582448593623,0.0296234706634,0.00774067811186,0.00511023526788,0.00599301034843
img_01548.jpg,0.910682498455,0.0098632070279,0.0101706847525,0.00955182082041,0.0224890729003,0.00967507684106,0.0124993936121,0.0150682455906
img_01552.jpg,0.976948671702,0.00209717542072,0.00267762028561,0.00222421597884,0.00703423149137,0.00314260688109,0.00251602803401,0.00335945020613
img_01561.jpg,0.283469769712,0.00626603186563,0.00639560692199,0.00709190575015,0.654997940015,0.0217647102684,0.00890879286713,0.0111052425995
img_01562.jpg,0.911216110265,0.0115091156248,0.00600356382874,0.00566488788383,0.00485239356928,0.0352765946787,0.00942717846232,0.016050155687
img_01571.jpg,0.607046379922,0.0259269459671,0.0220821345073,0.0190161832218,0.160864667112,0.0217999261878,0.0263163849853,0.116947378096
img_01593.jpg,0.374019677044,0.0539941937616,0.081388824009,0.0831724653471,0.0682362599792,0.145603915134,0.0814145698218,0.112170094903
img_01595.jpg,0.00981967633048,0.00321029772999,0.00380376728754,0.00331489776802,0.966052490601,0.00393300702559,0.00292910100819,0.00693676224884
img_01616.jpg,0.930208971707,0.0127042667328,0.00731921736095,0.00682335249969,0.0101725510548,0.00815386355794,0.00743609909116,0.0171816779955
img_01618.jpg,0.874877321776,0.00874777204886,0.00819493674829,0.00561382590519,0.0858727625335,0.00620854250424,0.00552915000202,0.00495568848207
img_01627.jpg,0.988827521033,0.00309404959053,0.00151123764237,0.0010328512626,0.00174047114007,0.00156603804095,0.00127104578402,0.000956785506088
img_01632.jpg,0.883749149046,0.00553568970775,0.00610140257281,0.00621247208082,0.0779732533009,0.00595977363173,0.00704238625122,0.00742587340872
img_01633.jpg,0.934804211628,0.00377015281619,0.00374254609827,0.00890050382597,0.00460225646355,0.0115903559247,0.00562278385157,0.0269671893922
img_01640.jpg,0.736009234008,0.00681434538835,0.00933078207193,0.006571835182,0.220552681966,0.0066757732581,0.0065555709352,0.00748977719
img_01646.jpg,0.787976574363,0.0239808544651,0.0143248160754,0.0127212481955,0.104248944642,0.0145393938023,0.0134213827836,0.0287867856734
img_01647.jpg,0.217156592363,0.00312099179108,0.00310840647715,0.00308871461724,0.760022012324,0.00386202136932,0.00397764289669,0.00566361816111
img_01649.jpg,0.934339332694,0.00343694662132,0.00384886768737,0.00425175492426,0.0410145314323,0.0044476151485,0.00476174323636,0.00389920825584
img_01657.jpg,0.188454881798,0.0672843841408,0.365139206031,0.0447497221069,0.0502087602186,0.0792072117417,0.0441970444541,0.160758789509
img_01669.jpg,0.974287719099,0.00754175893127,0.00220737408418,0.00377949795684,0.00440485570749,0.00285508102209,0.00293454547182,0.00198916772715
img_01673.jpg,0.677779641506,0.0493153996852,0.0218574961334,0.018686310074,0.0476922149174,0.071766101339,0.0219540182355,0.090948818109
img_01681.jpg,0.806104434342,0.0122102830166,0.0119039012676,0.013583526865,0.0230581587292,0.0250579996102,0.0199098746766,0.0881718214932
img_01684.jpg,0.975004344513,0.00346028398348,0.00266561717468,0.00427711462993,0.00444084734188,0.00339064543302,0.00310096102589,0.00366018589827
img_01685.jpg,0.570431909905,0.0256097020399,0.0223014910102,0.0501287200826,0.198711320075,0.0531859110184,0.0245128725048,0.0551180733641
img_01687.jpg,0.899672225774,0.00513634856059,0.00495275341021,0.00499916545594,0.00604471213936,0.00747918570738,0.00593464428081,0.0657809646716
img_01688.jpg,0.245760033175,0.00905251164814,0.0107708063511,0.0129662912223,0.00867934457133,0.0229961640071,0.0167638306475,0.673011018377
img_01689.jpg,0.761320783439,0.0217040950396,0.0432935747928,0.0160440341279,0.0192149887866,0.0410047593576,0.0186043345702,0.0788134298866
img_01716.jpg,0.00183095211304,0.0030880141399,0.00123695018706,0.00108114828021,0.987930439122,0.0015714185443,0.00106194765132,0.0021991299624
img_01717.jpg,0.46556997065,0.00840553764048,0.0109820381556,0.00866375510162,0.479729529367,0.00859782477644,0.00932613399058,0.00872521031827
img_01724.jpg,0.940641556682,0.00434430106886,0.0107967109312,0.00443394743963,0.0157548774783,0.0135814577663,0.0045288706661,0.00591827796814
img_01745.jpg,0.560920736549,0.0601007717907,0.111154152181,0.0396742691204,0.0446720943911,0.0619314176418,0.031168273354,0.0903782849719
img_01771.jpg,0.979151947799,0.00232908486427,0.00247175020143,0.00185562398594,0.00570528961777,0.00227219683477,0.00246565093512,0.00374845576141
img_01773.jpg,0.974768750788,0.00234923000434,0.00198757676761,0.00497951267438,0.00181097035841,0.00721766006804,0.00170459138094,0.00518170795827
img_01781.jpg,0.439103722545,0.0189750738067,0.0170040177091,0.0197977717702,0.408120172446,0.0475846284228,0.0188009072205,0.0306137060796
img_01782.jpg,0.0240220707039,0.0076967757144,0.0101595028706,0.00829463017598,0.919811896189,0.0114759683992,0.00760491141674,0.0109342445303
img_01802.jpg,0.784914930055,0.0238342116778,0.0230225399071,0.018247705104,0.0604478938046,0.0377917696385,0.0185732847736,0.0331676650396
img_01803.jpg,0.579742707372,0.0773263382683,0.0421561076924,0.0417289639347,0.123241529867,0.0344933027745,0.0419816983257,0.0593293517657
img_01824.jpg,0.922448106427,0.00499925111652,0.00372559973573,0.0330103055229,0.00419899599265,0.0122853509689,0.00396383395004,0.0153685562861
img_01825.jpg,0.905238073218,0.0102306799154,0.00739371415916,0.00672033069624,0.0411138453777,0.00796805674873,0.00708158566244,0.0142537142219
img_01831.jpg,0.908324618688,0.00680137590764,0.00475093212573,0.00483385259601,0.00539707032477,0.0595977818403,0.00345326488388,0.00684110363339
img_01834.jpg,0.86133062982,0.0126579157681,0.0131368667552,0.0109515233467,0.0177951040821,0.0127837284865,0.0103206509245,0.0610235808174
img_01847.jpg,0.0272270237013,0.0119215345972,0.0110430080089,0.00869416940091,0.00880529808603,0.0371089650712,0.0162499783713,0.878950022763
img_01853.jpg,0.403616469432,0.222830901208,0.0480043854366,0.117215434957,0.0360556753634,0.0703806678914,0.0447948575347,0.0571016081771
img_01856.jpg,0.957485213733,0.00391866778123,0.00460201923111,0.00469584722711,0.00637548223288,0.00530949797769,0.00368750016238,0.0139257716546
img_01860.jpg,0.504093414276,0.115089788062,0.0515096274949,0.0728950886849,0.0739402828517,0.0688451194917,0.0558009308524,0.0578257482864
img_01862.jpg,0.947245782738,0.0055855059758,0.00487403650009,0.00543131976176,0.0145381976054,0.00861986987936,0.00674671005532,0.00695857748466
img_01874.jpg,0.947648251748,0.0066085289532,0.00369967379803,0.00335656378015,0.0105475539966,0.0197414654778,0.00330315699214,0.0050948052542
img_01888.jpg,0.167366694331,0.0512153544486,0.0404624547161,0.0497249602501,0.407824578177,0.109433690794,0.0377127740419,0.136259493241
img_01918.jpg,0.956852677803,0.00338383321379,0.00319436722813,0.011913142422,0.00683028737416,0.00607821547181,0.00302571648875,0.00872175999856
img_01930.jpg,0.798944100848,0.0410940527045,0.0177611481872,0.017070119185,0.0443626945454,0.0439338010237,0.0241697138085,0.012664369698
img_01932.jpg,0.986550152762,0.00168097688191,0.00190509377848,0.0012540594255,0.0040183950554,0.00125263732365,0.00135692970057,0.00198175507242
img_01955.jpg,0.00263244166082,0.00218274151342,0.00174840676352,0.0147472769132,0.00327311478656,0.0218847634826,0.00187893127348,0.951652323606
img_01963.jpg,0.982347467217,0.00233710699842,0.00158851578122,0.00146793770027,0.00148029835752,0.00175985939016,0.00147125780178,0.00754755675372
img_01966.jpg,0.980065026689,0.00284604463094,0.00351719084515,0.00252910652895,0.00328789197452,0.00278047966768,0.00215557613941,0.00281868352448
img_01976.jpg,0.815655621904,0.0258621396966,0.0156567143523,0.0143049736385,0.01658396269,0.0133020712462,0.0148449297322,0.0837895867402
img_01983.jpg,0.575769166895,0.0260616538325,0.0259932068866,0.0335428192334,0.247387018966,0.0383822369041,0.0300535477442,0.022810349538
img_01984.jpg,0.973773901918,0.00350236430913,0.00250374287383,0.00264789870052,0.00389609603509,0.00276003703145,0.00226808557903,0.00864787355249
img_01995.jpg,0.0500945116097,0.0275002480499,0.0226757004276,0.241755043967,0.0493587790242,0.0768325879409,0.0189085028506,0.512874626131
img_01996.jpg,0.720584851983,0.0216503302889,0.0191156661974,0.0655293669245,0.0209689082639,0.111211264757,0.0192497501003,0.0216898614852
img_02001.jpg,0.150432134969,0.0461597407072,0.0306634881913,0.0318287758905,0.034575855824,0.592002868389,0.0260077051582,0.0883294308703
img_02006.jpg,0.950974910324,0.00502246801766,0.010275445392,0.0105389097197,0.00692281348005,0.00771691147282,0.00423192324163,0.00431661835247
img_02066.jpg,0.712478130828,0.0226503497963,0.0571063636913,0.0251870485912,0.0675860233094,0.0651895871486,0.0191331586935,0.0306693379414
img_02074.jpg,0.963983128931,0.00491364898998,0.00391954457569,0.00434054318315,0.00564254900687,0.0085108924187,0.00359291520113,0.00509677769393
img_02076.jpg,0.611024399774,0.0311124889432,0.0295431049124,0.093523459033,0.105025977901,0.0256876252637,0.0334163285386,0.0706666156338
img_02077.jpg,0.84565764699,0.0451640973174,0.0136429655436,0.0266904565651,0.0185538541736,0.0253987704924,0.0112906444934,0.0136015644245
img_02078.jpg,0.414978038531,0.0151613401545,0.0125562246136,0.0101877167844,0.511172774282,0.0123327412968,0.0118859252629,0.0117252390744
img_02082.jpg,0.0138987272964,0.00162727437064,0.00150877799417,0.0016019759899,0.975940210203,0.00188482669194,0.00193886187538,0.00159934557899
img_02083.jpg,0.0710117202086,0.00326971747137,0.00233322207941,0.00270949590872,0.913503356115,0.00273651827867,0.00223404127788,0.00220192866048
img_02096.jpg,0.967491298457,0.0105541337095,0.00158691416628,0.00159966478856,0.00143563949138,0.00327634594574,0.00154645981887,0.0125095436229
img_02119.jpg,0.938120920575,0.00626419165482,0.00785526071194,0.00610909545041,0.0145229414023,0.014669114571,0.00702352729275,0.00543494834134
img_02124.jpg,0.497802201229,0.0369189079964,0.0355099507416,0.0362177257303,0.0346303434321,0.292491804764,0.0284618107727,0.0379672553339
img_02135.jpg,0.027658044418,0.0120181676489,0.00828128923229,0.0103182871816,0.91282286072,0.0113058950543,0.00987422004,0.0077212357051
img_02146.jpg,0.281804285555,0.0158352874314,0.0178654244978,0.0175776181793,0.607460118992,0.0175358901661,0.0190913234115,0.0228300517663
img_02159.jpg,0.571592053834,0.0432781275742,0.0474685551411,0.025758117244,0.238354196043,0.0262629980996,0.0211194295408,0.0261665225232
img_02172.jpg,0.965809050856,0.00223492395957,0.00339329826876,0.00253153366754,0.0163412883177,0.00338521791093,0.00301155979389,0.00329312722568
img_02180.jpg,0.612248176194,0.0126324717557,0.051002323571,0.0380275324748,0.00920616541755,0.0434844890278,0.0100627032993,0.22333613826
img_02188.jpg,0.374171152888,0.0510444077962,0.0355373665548,0.049074870436,0.0326478683034,0.0950472376547,0.0320282689704,0.330448827397
img_02194.jpg,0.974478235862,0.00237084256593,0.0022334654894,0.00239809265418,0.00570919144654,0.00457458742532,0.00239852645624,0.00583705809998
img_02209.jpg,0.689129742618,0.0254388377594,0.0268842810175,0.0406279292988,0.0452255570114,0.0814590328095,0.0355410428625,0.0556935766231
img_02216.jpg,0.220685681389,0.0321563159272,0.0283948610506,0.0285487899836,0.556973892293,0.0431842331666,0.0313017646254,0.0587544615647
img_02231.jpg,0.765905753119,0.0394497474977,0.0152897521444,0.0186224274123,0.0949723576975,0.0227077120726,0.0239414352876,0.0191108147695
img_02235.jpg,0.0727107147303,0.0499078517997,0.0260004874292,0.346671342336,0.104070363933,0.146137888587,0.0250728689225,0.229428482262
img_02252.jpg,0.974148920238,0.00392838049416,0.00377636858302,0.00312964461674,0.00556476088858,0.00271533515152,0.00397559503372,0.0027609949944
img_02268.jpg,0.960333375479,0.00361786179492,0.00282561021581,0.00288678492681,0.022348919705,0.00271494154557,0.00261957592361,0.00265293040961
img_02270.jpg,0.925685799576,0.00827608499126,0.010570450044,0.00587166558521,0.0220166901646,0.0139067162617,0.00758776700189,0.00608482637565
