image,ALB,BET,DOL,LAG,NoF,OTHER,SHARK,YFT
img_00005.jpg,0.0936104850499,0.0221320728212,0.0192907817337,0.0195142129134,0.754385588336,0.0495963864285,0.0198816392821,0.0215888334354
img_00007.jpg,0.916735381209,0.0126868814542,0.0104991269642,0.0103700581541,0.0123332098699,0.0103810312635,0.00992298027359,0.0170713308121
img_00009.jpg,0.921049026516,0.0258703123685,0.00784882211233,0.00796506785988,0.0099261319277,0.00968308417905,0.00787476206286,0.00978279297322
img_00018.jpg,0.898067815186,0.0121221311439,0.00926383472874,0.00878935356558,0.011290976441,0.0101745118065,0.00874510743366,0.0415462696948
img_00027.jpg,0.197907117778,0.0943167360701,0.0648087410729,0.0639347921643,0.113766413332,0.286228689271,0.0882105633671,0.0908269469452
img_00030.jpg,0.433936592404,0.0520946296827,0.0533005963459,0.0815470616105,0.188927192943,0.0518663120095,0.0820474917462,0.0562801232584
img_00040.jpg,0.434747708122,0.0545473099053,0.0425541806776,0.0443809413004,0.0468140576639,0.138509122235,0.0434843303639,0.194962349732
img_00046.jpg,0.622088427702,0.0204314173476,0.0185514661139,0.0145729773686,0.278581190001,0.0143491891032,0.0149741496023,0.0164511827612
img_00053.jpg,0.935880919599,0.0127743706678,0.00816848633197,0.0080382514857,0.00988396977159,0.00785776761257,0.00784943039199,0.00954680413973
img_00071.jpg,0.708484486571,0.0186470345151,0.0119002273163,0.015727643831,0.191191538698,0.0145228715439,0.0275966706482,0.0119295268765
img_00075.jpg,0.519491981038,0.0414425183497,0.0360827194362,0.0366288546904,0.22627111934,0.0385014376037,0.0421391734931,0.0594421960493
img_00102.jpg,0.176565570241,0.0701541635896,0.0804615423395,0.0589709907941,0.0613366253475,0.18633449084,0.0739568686072,0.292219748241
img_00103.jpg,0.920772648681,0.0125151143492,0.00753474999371,0.00984432936427,0.0124985954401,0.0204200757489,0.00773421688303,0.0086802695394
img_00109.jpg,0.897272671662,0.0123949310386,0.0121635578313,0.011809828857,0.0289331814603,0.0116932070355,0.0117400434872,0.0139925786277
img_00119.jpg,0.071904190144,0.0516045725353,0.0386803482624,0.0382530951762,0.649506567896,0.0395361150463,0.0425922671,0.0679228438394
img_00120.jpg,0.627887494696,0.0223978577865,0.0176333631645,0.0186710083014,0.0192993287799,0.165927518811,0.0170431255705,0.11114030289
img_00125.jpg,0.836384710601,0.0192862220015,0.0176766016948,0.0198685184194,0.038581391084,0.0224357318494,0.0180892489907,0.0276775753593
img_00128.jpg,0.458777799888,0.058431217432,0.0996827776539,0.0501616627185,0.052729383411,0.0540692675726,0.0496555282958,0.176492363028
img_00129.jpg,0.430607405141,0.0547108060501,0.0417139821389,0.0429202805059,0.0452639164864,0.210456297957,0.0412365195795,0.133090792142
img_00133.jpg,0.354955878414,0.0286871204135,0.0194839771984,0.0199958448886,0.485309813258,0.0255685213618,0.0193453841038,0.0466534603616
img_00138.jpg,0.692816984366,0.0427476965251,0.0480572072368,0.0365413645824,0.061138637999,0.0430928399229,0.0362966066232,0.0393086627445
img_00141.jpg,0.0949945346283,0.0287608236478,0.0616239384634,0.0292111540166,0.039579742725,0.0386678629889,0.0285212243891,0.678640719141
img_00152.jpg,0.782038942912,0.0215753923353,0.0198513242433,0.0200467160695,0.022730903621,0.0350345936403,0.0202950836037,0.0784270435744
img_00161.jpg,0.0293582493512,0.0236581282021,0.019494094022,0.0312892831936,0.0206477023817,0.0231506855037,0.0591546819773,0.793247175368
img_00164.jpg,0.142409061335,0.0254215289616,0.025675698537,0.0258045692183,0.684366063659,0.0305046674825,0.0258057999855,0.040012610822
img_00170.jpg,0.818092179671,0.0616736947424,0.0198503346008,0.0197867828945,0.0199042456476,0.0295763534953,0.0148403967121,0.0162760122367
img_00171.jpg,0.391346056249,0.10383339844,0.0641023746494,0.0878281140754,0.127599202044,0.0846795210042,0.0721036676943,0.0685076658435
img_00172.jpg,0.0295403703768,0.0092219518384,0.00841373509932,0.00818479920549,0.913527972844,0.0123043835756,0.00866995586084,0.0101368311999
img_00175.jpg,0.861283099843,0.017895059476,0.0154502550613,0.0188639356696,0.0338883440042,0.0211430300144,0.015488693737,0.0159875821941
img_00180.jpg,0.774011848824,0.0261548629701,0.0238465940598,0.0238849768913,0.0608488539161,0.024468441705,0.0247267479472,0.0420576736862
img_00196.jpg,0.0405739165983,0.0266218987275,0.0193742921572,0.0178241749609,0.828706579253,0.0195705193876,0.0187422034848,0.0285864154307
img_00212.jpg,0.811469470732,0.0201509347743,0.0148098460868,0.0143854734869,0.0155624046861,0.015964121652,0.0147304439339,0.0929273046482
img_00223.jpg,0.884449639187,0.0143390052325,0.0137539176497,0.0133450066026,0.0242252534969,0.0229000424272,0.0133853179184,0.0136018174856
img_00230.jpg,0.91634947879,0.013678019657,0.0084486460864,0.00961360366659,0.00817923073086,0.0192750306079,0.0080120525859,0.0164439378755
img_00232.jpg,0.546151375778,0.065613376327,0.0694196778608,0.0519764672442,0.0807820109885,0.0532974821478,0.0693516172724,0.0634079923811
img_00244.jpg,0.927027566214,0.0117483599417,0.00861394309301,0.00910836030274,0.0134120733077,0.0123120863824,0.0091459982411,0.00863161251784
img_00272.jpg,0.878575288721,0.0123328926204,0.0141295249121,0.0108955129802,0.0156604733707,0.0450494160561,0.0108183564687,0.0125385348706
img_00280.jpg,0.344456898237,0.00706401846279,0.00700603695193,0.00715110998282,0.612506401394,0.00698873900358,0.00703011881462,0.00779667715341
img_00282.jpg,0.814303278046,0.0193187976972,0.0171049154071,0.0241190820263,0.0404299574084,0.0483197934183,0.0188677267676,0.0175364492286
img_00285.jpg,0.428962851994,0.0589824554739,0.102639347965,0.0584727986268,0.0671126394681,0.0885176334732,0.0563105773472,0.139001695653
img_00289.jpg,0.889758676437,0.0123918331834,0.0126156506126,0.0127098222512,0.0291670798987,0.0153181663407,0.0129250322006,0.0151137390757
img_00292.jpg,0.507771254285,0.0576882380844,0.0569191488535,0.0447015593401,0.0487326713913,0.0474961198417,0.0672040730688,0.169486935135
img_00302.jpg,0.169494373772,0.0583390511031,0.0500376343673,0.0731011963882,0.0529020943588,0.382990744197,0.0494364555664,0.163698450247
img_00311.jpg,0.84419646656,0.0110926334239,0.00927027769303,0.00928335586089,0.0949368662036,0.0110225077044,0.00934710108127,0.0108507914725
img_00320.jpg,0.896845889741,0.0158345331989,0.010332609621,0.010272714222,0.0273930344984,0.0138168465357,0.0121172679827,0.0133871042004
img_00331.jpg,0.912708924986,0.0101644794656,0.00821503214635,0.00840252130493,0.00908518808744,0.0295277457473,0.00872113174219,0.0131749765201
img_00358.jpg,0.104781468825,0.479593158563,0.0494732011918,0.0485479421252,0.0493478627361,0.101873646144,0.0463598948949,0.12002282552
img_00374.jpg,0.712609635256,0.0273923869604,0.0263196094295,0.0269592419426,0.034383890883,0.0261932595858,0.0256828914892,0.120459084453
img_00375.jpg,0.76262453739,0.033608537863,0.0274023737657,0.0285562253139,0.0338405503555,0.0373202314336,0.0273876682595,0.0492598756183
img_00376.jpg,0.74948902716,0.0250891762148,0.0219458390137,0.0426614275765,0.029914597336,0.0724457215316,0.0221999627078,0.0362542484597
img_00380.jpg,0.451394533598,0.0611839580916,0.0421724813551,0.0403711748748,0.27846033331,0.0444045095207,0.0410925246928,0.0409204845574
img_00383.jpg,0.587393378053,0.0409218859417,0.036747540727,0.0364331925643,0.183680269643,0.0380833231916,0.0375037042949,0.0392367055849
img_00398.jpg,0.412504288578,0.12747487857,0.0319359467142,0.0316361751258,0.0423656875429,0.0346887520962,0.0398872787787,0.279506992595
img_00407.jpg,0.656954879331,0.0533070328123,0.0358513737557,0.0372525976831,0.0485664834049,0.0513449342861,0.0348931160869,0.08182958264
img_00417.jpg,0.770474535187,0.0210760655481,0.0142102914499,0.0139511811489,0.0192427456038,0.0148974476613,0.0140743021242,0.132073431276
img_00432.jpg,0.340365006978,0.0289114094729,0.0199455225237,0.0214198593955,0.0243586324269,0.506320709861,0.0225757017592,0.0361031575827
img_00442.jpg,0.0124609415246,0.0113671136827,0.00673446621258,0.00698653688623,0.00731428394765,0.00968927921347,0.00690810285361,0.938539275679
img_00446.jpg,0.328429547904,0.100348680252,0.0757851498992,0.07837838371,0.139578825199,0.091149296581,0.0737394424819,0.112590673973
img_00469.jpg,0.910116771175,0.0135293553045,0.00806448273979,0.00790622288443,0.029551173553,0.0126887231877,0.00787260924892,0.0102706619069
img_00473.jpg,0.84871037102,0.0150099634873,0.0153175818686,0.0149633799978,0.0496961546162,0.0159412128698,0.0150065036467,0.0253548324937
img_00483.jpg,0.459768500001,0.036468444991,0.0365242682604,0.0355238305999,0.101627921764,0.0418169343402,0.0424908137399,0.245779286303
img_00484.jpg,0.879703491366,0.0192669135437,0.0142867831819,0.013682307256,0.0260524260622,0.0136751559845,0.0136773173828,0.0196556052234
img_00486.jpg,0.904597118976,0.0138678614797,0.0105547485494,0.0104068177244,0.0220853034258,0.0173301278093,0.0102744829122,0.0108835391235
img_00487.jpg,0.19354846957,0.0312513500978,0.023751238695,0.0240319715423,0.649086454841,0.0282970918122,0.0249002278312,0.0251331956105
img_00493.jpg,0.387399184203,0.0591591358845,0.0576274857154,0.0602402509158,0.222987202038,0.0601001192718,0.0789930843654,0.0734935376067
img_00518.jpg,0.911229596012,0.0129351789442,0.00897764003646,0.00880392874984,0.0295743800156,0.00990668232474,0.00903377949282,0.00953881442432
img_00533.jpg,0.0801294815764,0.11598632044,0.0507103510763,0.0516858057456,0.0518504807063,0.141839563442,0.0493714063975,0.458426590616
img_00538.jpg,0.616238892416,0.0538170650527,0.0438538685808,0.0468434453318,0.0895012634761,0.0512994772009,0.0437364280615,0.0547095598802
img_00543.jpg,0.59823535286,0.036364742921,0.0245514522661,0.0245454049733,0.237077028246,0.0281976231986,0.024490769979,0.0265376255559
img_00550.jpg,0.372340821295,0.100606029981,0.0730414037022,0.07212315093,0.082972709678,0.146943517351,0.0562394430522,0.0957329240097
img_00551.jpg,0.844196961135,0.0202157628715,0.0169115395475,0.020954411092,0.0168536746657,0.029323335942,0.0174997634035,0.0340445513425
img_00564.jpg,0.243286717147,0.0215592694168,0.01444452834,0.0144368619557,0.643951554999,0.0298229950627,0.0144759743487,0.0180220987309
img_00575.jpg,0.791374208687,0.021522748413,0.0200495442924,0.0199568809805,0.0673030130316,0.0352928053341,0.0201239493152,0.0243768499462
img_00582.jpg,0.905167791893,0.00920691140423,0.00939050665538,0.00860300209192,0.0366032682056,0.0105048396024,0.00911425431913,0.0114094258287
img_00584.jpg,0.653062737138,0.0420742429524,0.0383632621039,0.038782272171,0.106363715998,0.0394924244186,0.0384457613379,0.0434155838808
img_00587.jpg,0.145854778304,0.128126465244,0.0662610865251,0.0677341252487,0.144105424466,0.118804519279,0.0642284236196,0.264885177315
img_00590.jpg,0.51139478649,0.062164661993,0.0793775626655,0.0627985168025,0.061948174642,0.0677865044328,0.0723698317267,0.0821599612478
img_00591.jpg,0.768673334989,0.0276151606982,0.024960741057,0.0252339246513,0.0251704533905,0.0351418724573,0.0547219827171,0.0384825300395
img_00598.jpg,0.878610134815,0.0246453040647,0.014546687597,0.01906963217,0.0191967214508,0.0149143607292,0.0143345174054,0.0146826417675
img_00599.jpg,0.826849328646,0.0227832316873,0.0171267368047,0.0178696620668,0.019383614607,0.0300112368499,0.0182711102004,0.0477050791377
img_00612.jpg,0.840517301281,0.0106311186027,0.00900871271805,0.0778929732416,0.0177704109904,0.0238343743893,0.00908851626408,0.0112565925125
img_00618.jpg,0.787185761663,0.0325784611028,0.0262833472225,0.0260929176976,0.0489376643795,0.0263498936696,0.0260015765088,0.0265703777567
img_00620.jpg,0.627839197794,0.0508718672984,0.0472181108561,0.0474494715132,0.060588864026,0.050792656281,0.0542832368271,0.0609565954043
img_00642.jpg,0.879931274231,0.0155743170466,0.0130825555166,0.0272708572878,0.0134628403461,0.01306547654,0.0130680755463,0.0245446034855
img_00646.jpg,0.145765830075,0.0545789967479,0.0842220494899,0.0470501681346,0.0474315646253,0.0786593846627,0.0477083364812,0.494583669783
img_00648.jpg,0.689144679873,0.0181787090735,0.0152023785556,0.0151152905649,0.212015004923,0.0175923693837,0.0152723977559,0.0174791698703
img_00650.jpg,0.149353775145,0.0709637200691,0.0446529449984,0.0459033045553,0.425891847072,0.163156088432,0.044239476305,0.0558388434227
img_00654.jpg,0.36426156766,0.0886558749773,0.0692678993806,0.0669791922553,0.129254371941,0.143372169184,0.067056467789,0.071152456813
img_00664.jpg,0.945162375939,0.00890934481884,0.00740603502537,0.00731493340309,0.00813323339743,0.00751631068101,0.00724656496011,0.0083112017748
img_00667.jpg,0.0205023169967,0.013445559594,0.0126615278688,0.0124649132624,0.889414433197,0.0192041056714,0.0128351081379,0.0194720352712
img_00676.jpg,0.0489600617903,0.0345542082409,0.0314177601725,0.0310418358715,0.723112975006,0.041286625436,0.0337907493746,0.0558357841078
img_00697.jpg,0.10788745763,0.0930737473727,0.237763439838,0.0681053950341,0.0830926292977,0.0825916187067,0.0674467006217,0.260039011499
img_00708.jpg,0.528989191323,0.0500738648839,0.0424804152204,0.0435166366433,0.054642259363,0.0729686301327,0.0473177491896,0.160011253244
img_00716.jpg,0.0401226749127,0.046094976907,0.0280618614951,0.0658146773729,0.030822197881,0.164115173061,0.0363470378465,0.588621400524
img_00717.jpg,0.939457192914,0.0100753633187,0.0074852907473,0.00748349210923,0.0109320585187,0.00772506085913,0.00756744346772,0.00927409806523
img_00718.jpg,0.700394289174,0.0261242379898,0.0240568294035,0.0296171413237,0.0263034505238,0.0768031316106,0.0215976835688,0.0951032364063
img_00723.jpg,0.314541987339,0.0332025287986,0.021479577584,0.0210813005205,0.541654473073,0.021322935801,0.021380235934,0.0253369609503
img_00724.jpg,0.30778083199,0.0645580276806,0.0668333785775,0.0655997577773,0.101795349138,0.116524130162,0.124241982145,0.152666542531
img_00726.jpg,0.830714835496,0.0210929930215,0.0155433450828,0.0151280617215,0.0176311095018,0.063412615927,0.0162805933089,0.0201964459408
img_00729.jpg,0.295794442974,0.00908879502953,0.0090588537492,0.00896835859225,0.648359176281,0.009036165719,0.00917019521483,0.0105240124403
img_00730.jpg,0.464375168334,0.0320757310987,0.0304152640016,0.0312963099776,0.0384497100009,0.0505958229207,0.0298992988999,0.322892694766
img_00757.jpg,0.923866195652,0.00923881628811,0.00778415789546,0.00794619597683,0.0253942253079,0.0099559035958,0.00776612719681,0.00804837808698
img_00760.jpg,0.704149281703,0.0758748324485,0.0409787576933,0.0337325919902,0.0408180170353,0.0354419840668,0.0349085385881,0.0340959964749
img_00763.jpg,0.0412485516521,0.0351780055078,0.0296092357416,0.0280474919184,0.753293125869,0.0442640201461,0.0291216048927,0.0392379642726
img_00764.jpg,0.150924200104,0.0843090188615,0.0454505427755,0.0763274914371,0.100306849559,0.0513902335245,0.0473201032316,0.443971560508
img_00765.jpg,0.0885945602419,0.0538966890946,0.0476585601692,0.0485823223725,0.108867632714,0.503996013378,0.0502256481042,0.0981785739252
img_00772.jpg,0.408197111566,0.0310316441087,0.340783903329,0.0259100584187,0.0274076349899,0.0371681642515,0.0289896955963,0.10051178774
img_00773.jpg,0.554876295738,0.088435639734,0.0472491120168,0.0468830911497,0.106261105222,0.0571763584653,0.0474964730774,0.0516219245966
img_00777.jpg,0.932562061877,0.00942233409272,0.00812227702286,0.00793958559769,0.0123669506583,0.0130317694271,0.00809170597646,0.00846331534816
img_00780.jpg,0.556266044795,0.0650517051153,0.0407347431444,0.0413834433097,0.0512447928707,0.0427988802896,0.0443751034569,0.158145287018
img_00798.jpg,0.906620030816,0.0133022524519,0.0117465345861,0.0123782189178,0.0198070161404,0.0116712917455,0.0117890589757,0.0126855963664
img_00808.jpg,0.942220434956,0.00740566116841,0.00729948921128,0.00715627963365,0.0120406190562,0.00719560694591,0.00762219109439,0.00905971793435
img_00816.jpg,0.93450588427,0.00808230663402,0.00814968418706,0.00811299169451,0.0144597060755,0.00897180630766,0.00803975345246,0.00967786737884
img_00828.jpg,0.01769809445,0.0196418014888,0.0108349974239,0.0108321426524,0.900554888846,0.0145776320401,0.0126409765065,0.0132194665921
img_00833.jpg,0.155724957213,0.0722914583207,0.0693585018846,0.0682232139867,0.0761572219632,0.29276956504,0.0708850695908,0.194590012001
img_00837.jpg,0.919022802046,0.0126079740031,0.00822217896595,0.00814266317012,0.0230399009785,0.0106303482896,0.00811472415238,0.0102194083947
img_00855.jpg,0.714536099658,0.0460944433379,0.0236516343322,0.0461279837317,0.041959472236,0.0234483085943,0.0250128974031,0.0791691607066
img_00857.jpg,0.938975854967,0.00816487499527,0.00724795246716,0.00734836323068,0.0125931092655,0.0100839664117,0.00809459754161,0.007491281121
img_00858.jpg,0.806462644229,0.0178919052009,0.0153806221468,0.0155002278939,0.0919120380881,0.0152347748204,0.0161778120947,0.0214399755262
img_00865.jpg,0.920107484747,0.0214541944883,0.00926996028441,0.00913774635422,0.0109356444567,0.00949075216147,0.00914485614571,0.0104593613619
img_00876.jpg,0.0237719955582,0.026590043876,0.0157093718492,0.015615054738,0.852832773306,0.0190487776495,0.0165528911335,0.0298790918891
img_00889.jpg,0.484002787423,0.0502158106229,0.070063603827,0.0507649812329,0.0624213902845,0.0544592258406,0.050072767491,0.177999433278
img_00894.jpg,0.622104082983,0.0140539145794,0.0139006802886,0.013789969259,0.294998709083,0.0134787401584,0.013780291388,0.0138936122605
img_00902.jpg,0.246004077037,0.192554541209,0.0751027069946,0.0714670643692,0.101479837177,0.0712473851108,0.151616485,0.0905279031027
img_00914.jpg,0.384076282908,0.0267024420813,0.0167813521361,0.0155474438743,0.0210514242973,0.0156451285926,0.0156391422592,0.504556783851
img_00921.jpg,0.28260596485,0.0687505539092,0.0379039339507,0.0371476357489,0.145040452981,0.327359852136,0.0475299078513,0.0536616985726
img_00927.jpg,0.163582151974,0.0810122626897,0.105533953934,0.0793113784995,0.0895468041265,0.142551472085,0.130003744047,0.208458232643
img_00943.jpg,0.618610347827,0.0337391793364,0.0332839418006,0.0326869940663,0.0813653361863,0.0393111713785,0.0741874849962,0.0868155444091
img_00948.jpg,0.834796750426,0.0169519715606,0.0158722142542,0.0162490323218,0.0649210973883,0.0159961225476,0.0163637804469,0.0188490310543
img_00950.jpg,0.0399215283682,0.0315522720771,0.0267679090123,0.0278832837941,0.661153959098,0.141737161784,0.0301624009915,0.0408214848742
img_00959.jpg,0.922194290161,0.00901372338951,0.00797623918704,0.00797770720576,0.0250379926566,0.00795602589236,0.0108624437217,0.00898157778589
img_00962.jpg,0.11666466874,0.0446727017557,0.374382123578,0.0357821020721,0.0484931143275,0.0465235262145,0.0354984979632,0.297983265349
img_00964.jpg,0.182945137364,0.0731277954431,0.556561081905,0.0345123966851,0.0369951053788,0.0356631975384,0.0373742708243,0.0428210148615
img_00966.jpg,0.141010829177,0.0208740892328,0.0215597989535,0.0208072673612,0.721386543518,0.0210856567276,0.0224370266025,0.0308387884274
img_00974.jpg,0.936183589719,0.00870555824164,0.0076879682365,0.00793726552691,0.00786072278374,0.00750756346582,0.0086671461906,0.0154501858361
img_00979.jpg,0.401744902194,0.0576260490887,0.0533006718622,0.0357714267034,0.0423774295916,0.0744160024491,0.0359879468467,0.298775571265
img_00982.jpg,0.262375167385,0.108254703214,0.0759085649365,0.0761440659138,0.217066396248,0.0939928369923,0.0756964981981,0.0905617671121
img_00985.jpg,0.106954164316,0.0605856431217,0.0404876170449,0.0760383840087,0.0407233192523,0.0447480007327,0.109724034698,0.520738836826
img_00999.jpg,0.758765891954,0.0108584109413,0.00972512034698,0.0139809707089,0.0137095132383,0.0872879801421,0.0120472309454,0.0936248817228
img_01022.jpg,0.828418267544,0.0203546772279,0.0171452178358,0.0322292951095,0.0287709119246,0.0302374308591,0.0167151663415,0.0261290331576
img_01031.jpg,0.806423841295,0.0213799888823,0.0191873836623,0.0190767340943,0.0761984051944,0.0195099776445,0.0192359604356,0.0189877087914
img_01035.jpg,0.885460563961,0.0133634157418,0.0130402762071,0.0175228095016,0.0199440459534,0.021736858392,0.0137098150481,0.0152222151954
img_01043.jpg,0.480631461337,0.0129853583324,0.0102165963706,0.0103019487452,0.433851200942,0.0171512421725,0.0102063831393,0.0246558089605
img_01058.jpg,0.693650854329,0.0340812482364,0.0306127567958,0.0306820749213,0.0463795760985,0.033526226277,0.0328125612259,0.098254702116
img_01059.jpg,0.760354190275,0.0326722461115,0.024476642734,0.0246533322557,0.0283771724445,0.0274413248959,0.0263274344778,0.0756976568054
img_01090.jpg,0.200771287978,0.0418814542001,0.0305598125926,0.0313655939497,0.598313236816,0.0313311000633,0.0313400611432,0.0344374532575
img_01102.jpg,0.0850152161173,0.0254166028665,0.0199903683073,0.0200770052495,0.0282978057979,0.0201434956718,0.0196428829616,0.781416623028
img_01103.jpg,0.260168327918,0.410679876802,0.0528522288772,0.0519760320393,0.0561563908742,0.0545097083333,0.0525516347483,0.0611058004075
img_01116.jpg,0.924896265,0.0151458620487,0.00957970948358,0.00952595701913,0.0104080021297,0.0105866089238,0.0094312204292,0.0104263749659
img_01134.jpg,0.900383566074,0.0120279615632,0.0105455025325,0.0158582313031,0.013403711036,0.0179243637843,0.0115154373418,0.0183412263654
img_01142.jpg,0.926934420397,0.00979509460582,0.00976748254665,0.00984854486814,0.0136658706069,0.00964799017987,0.00975196210986,0.0105886346861
img_01168.jpg,0.128291124182,0.0479524924366,0.040631916419,0.1741404183,0.115341989514,0.232312621996,0.0479008198029,0.21342861735
img_01171.jpg,0.0800481074875,0.0553234280609,0.042272695165,0.0428637832766,0.611982095504,0.0688519292168,0.0442715864207,0.0543863748681
img_01177.jpg,0.924445167033,0.0108729839638,0.0132322094072,0.0101418659746,0.0105729397917,0.0104096484413,0.0100148774206,0.0103103079678
img_01179.jpg,0.909889515779,0.0123033211393,0.0110796067339,0.0151155426899,0.0179879478834,0.0117162607493,0.0109854764712,0.0109223285543
img_01188.jpg,0.427446163696,0.0644446881956,0.0507203305914,0.0549823279253,0.0957215467476,0.118719176461,0.0514374630323,0.13652830335
img_01198.jpg,0.792327442986,0.0169001054323,0.0180207531745,0.0137632625937,0.0892888405151,0.0147848325227,0.013636543281,0.0412782194947
img_01204.jpg,0.0462402724009,0.0250304340284,0.0256447923107,0.0256785129651,0.759879702028,0.0288069854364,0.0256544908036,0.0630648100267
img_01208.jpg,0.0619379992652,0.0413307337072,0.0370569836354,0.0373626888964,0.658348025742,0.0463664011789,0.0413663119919,0.076230855583
img_01211.jpg,0.477358113,0.0427167200621,0.037905025067,0.0369769863729,0.282167569183,0.037652575592,0.037844818752,0.0473781919717
img_01213.jpg,0.861895619569,0.0176623524591,0.014120945313,0.0137928317201,0.0319220078878,0.0141719519083,0.0147349665472,0.0316993245957
img_01222.jpg,0.871623867555,0.0147349511848,0.00835469104593,0.00795686118481,0.0162117334618,0.0524703405262,0.0185169671105,0.0101305879305
img_01224.jpg,0.194904324307,0.0700095406015,0.104115428011,0.0905240682856,0.0818358082571,0.0889820568394,0.0732948937397,0.296333879959
img_01237.jpg,0.211932087185,0.0266224935157,0.0208752330683,0.0210278019497,0.640627430717,0.0252120951145,0.0205978869706,0.0331049714783
img_01249.jpg,0.044626976686,0.0176926372771,0.0140905109121,0.0140623502932,0.861295555888,0.0141719756816,0.0140829189247,0.0199770743375
img_01253.jpg,0.110787409013,0.0888475739452,0.0446207027669,0.0445635588128,0.057514345249,0.0483333992499,0.0513014258378,0.554031585125
img_01286.jpg,0.806252082781,0.0321645955993,0.0207403467353,0.0152189915318,0.0589199926835,0.0227681865066,0.0172675777592,0.026668226403
img_01289.jpg,0.153347075276,0.0195621124168,0.015739983376,0.0205731243355,0.0419576072578,0.0159000380218,0.0159325583575,0.716987500959
img_01325.jpg,0.253791442772,0.0384634131743,0.0369795470852,0.0257091515591,0.559585659414,0.0252121718407,0.0253832010064,0.0348754131482
img_01328.jpg,0.884459938481,0.0170845587917,0.0116504442502,0.0137696145024,0.0329698866693,0.0119849507955,0.0118967117943,0.0161838947156
img_01366.jpg,0.898676647678,0.0120132577262,0.0107345054198,0.0109323443548,0.0180192697137,0.0265770679607,0.0118441066651,0.0112028004822
img_01371.jpg,0.504207085974,0.0266622466487,0.026987438459,0.0266129651906,0.331531696234,0.0281521957603,0.0271502192279,0.0286961525051
img_01373.jpg,0.14446919802,0.0152038700706,0.0117296180796,0.0116923765672,0.777905120352,0.0138062276895,0.011828857481,0.0133647317404
img_01377.jpg,0.406587215788,0.0489590402978,0.042891936137,0.0431933875511,0.262928492947,0.0863971206778,0.0437823926858,0.0652604139156
img_01379.jpg,0.928009606888,0.0113385454694,0.00881851826293,0.0115671987093,0.0110443189019,0.0110102562144,0.00854791701393,0.00966363854044
img_01384.jpg,0.729316981908,0.0490636210367,0.0246738732729,0.0342912922266,0.0297986692239,0.0337228303894,0.0239557106736,0.075177021269
img_01388.jpg,0.890349078815,0.0126566343786,0.00891210120416,0.009342360601,0.0290813940996,0.0256650515228,0.0109576443784,0.0130357350006
img_01392.jpg,0.280649876682,0.0899739099451,0.0862033878,0.0803322720179,0.202889087474,0.0824262917897,0.0792788179884,0.0982463563029
img_01399.jpg,0.250744764395,0.0854907245484,0.0586314294489,0.321459076723,0.0398613051431,0.0381550336112,0.0361071254201,0.16955054071
img_01404.jpg,0.935104096422,0.00958526881326,0.00737890784687,0.010670691812,0.00820463999229,0.0078609904134,0.00727415511085,0.0139212495897
img_01405.jpg,0.935552945306,0.010833235465,0.00765114237955,0.0105917653644,0.00985656133842,0.00763314462064,0.00807980916076,0.00980139636544
img_01413.jpg,0.905559478302,0.0130229461658,0.0115703876252,0.0151147330738,0.0131717756195,0.0125500529167,0.0116803026277,0.0173303236694
img_01426.jpg,0.531410125564,0.161712191714,0.0467752434876,0.0466325339064,0.0605839145242,0.0511445622584,0.0464200941564,0.0553213343887
img_01431.jpg,0.906266726762,0.0284095557778,0.00997937680366,0.0104767978571,0.0130073086926,0.0101215816531,0.0114372051682,0.0103014472855
img_01441.jpg,0.0726538652889,0.0286872192204,0.0252117981517,0.0202780833312,0.0228016876406,0.02275718331,0.0199154997029,0.787694663354
img_01444.jpg,0.117742475907,0.0732808816241,0.0443115509221,0.184749725531,0.0446367728968,0.168331183026,0.0444384890451,0.322508921048
img_01490.jpg,0.134032665471,0.0604729447059,0.0728284949479,0.0544832748495,0.0660904045324,0.0550769321763,0.0556191086228,0.501396174694
img_01495.jpg,0.907058202613,0.0120576084767,0.00979276023113,0.0105145718538,0.0171585118746,0.0107978130959,0.010003407981,0.0226171238735
img_01505.jpg,0.0416462311101,0.0246432794704,0.0236640542696,0.0237697967577,0.788126376236,0.0275975267244,0.0246209016633,0.0459318337685
img_01511.jpg,0.854556922012,0.0161025292204,0.0189271364637,0.0133496474849,0.0317337653364,0.0208537863727,0.0308266242618,0.0136495888484
img_01519.jpg,0.583863823667,0.0457368100562,0.0345647264052,0.050594986225,0.105909490507,0.0810521483873,0.033753437137,0.064524577616
img_01530.jpg,0.920625479504,0.0148609100471,0.00894921454583,0.00899448066602,0.0176998558374,0.00877335399028,0.00901401166328,0.0110826937463
img_01537.jpg,0.899790895402,0.0104781348336,0.0123146909271,0.00911015415417,0.0228093083849,0.0230665620055,0.00963307304541,0.0127971812478
img_01538.jpg,0.904728986475,0.0138543058593,0.0111030646623,0.0119921281319,0.0152518066421,0.019288360228,0.0110486096992,0.0127327383024
img_01541.jpg,0.0591741962406,0.0585243743385,0.0640728016647,0.042378932901,0.568397115597,0.0911757924026,0.0448967441648,0.0713800426911
img_01543.jpg,0.623314064315,0.046939412254,0.040108439121,0.0372664767604,0.128652235589,0.0446900623308,0.0369043369278,0.0421249727019
img_01548.jpg,0.616706005454,0.050467035382,0.0471943259992,0.0474853450725,0.0625928090274,0.046039680414,0.0524165796171,0.0770982190338
img_01552.jpg,0.916819753629,0.0111776793236,0.0101256629794,0.0100191814236,0.0194689415291,0.0121135186719,0.0101035621061,0.0101717003371
img_01561.jpg,0.462045262827,0.0253404607546,0.0229370210808,0.0227550666206,0.385726371818,0.024487502453,0.0236523503337,0.0330559641121
img_01562.jpg,0.801182676029,0.0218494592812,0.017577340716,0.0171338793455,0.0185737423315,0.0684804007934,0.0179641746927,0.0372383268108
img_01571.jpg,0.516575713102,0.0359918978675,0.03171559774,0.0314070922275,0.129446160228,0.0321321600939,0.0319597197897,0.190771658952
img_01593.jpg,0.290591699039,0.0668601814081,0.0649743089499,0.0660353339358,0.0762606913487,0.234951045833,0.089229898969,0.111096840517
img_01595.jpg,0.0290275982948,0.0118193703359,0.0106331539004,0.00970546081858,0.901756080017,0.0102858320403,0.00952893249548,0.0172435720978
img_01616.jpg,0.736947106538,0.0375993188288,0.0280022438123,0.0272543304336,0.0393926714647,0.0279527199793,0.027804543763,0.0750470651801
img_01618.jpg,0.554201680501,0.0435388513841,0.0465308792788,0.0333776507451,0.22183709185,0.0347089314145,0.0326195045545,0.0331854102722
img_01627.jpg,0.937731612873,0.0147306191985,0.00743541699334,0.00842730654852,0.00814581458576,0.00818686811739,0.00719446937134,0.00814789231237
img_01632.jpg,0.812379114997,0.0184927704896,0.0183430138105,0.018109080014,0.0696606941992,0.0183701445691,0.01820485374,0.0264403281801
img_01633.jpg,0.84850087609,0.0118910376195,0.0107924143079,0.0194299888238,0.0109495175699,0.0253574927399,0.012740163649,0.0603385091997
img_01640.jpg,0.489310504712,0.0341219941331,0.0284036279123,0.028451780881,0.322015577372,0.0316720147301,0.0340913153418,0.0319331849171
img_01646.jpg,0.720247108704,0.0297032134923,0.0191753212,0.0194424259813,0.138846339729,0.0207310124888,0.0200170151148,0.03183756329
img_01647.jpg,0.336111589212,0.00996479774614,0.00934615410963,0.00916470272157,0.602581186368,0.00950313449748,0.00927665781315,0.0140517775328
img_01649.jpg,0.859742953318,0.0145578953607,0.0118668096119,0.0120420739695,0.0636945903321,0.0124053334028,0.0125018771737,0.0131884668308
img_01657.jpg,0.192858187872,0.0822583382098,0.229362414413,0.0546368391086,0.0580201078687,0.0904060880026,0.05424783415,0.238210190376
img_01669.jpg,0.875223800688,0.0374067249761,0.0123870515213,0.0150835986257,0.0215848387525,0.0132803250426,0.0126688916394,0.0123647687541
img_01673.jpg,0.693463146114,0.0303303141312,0.0245222421486,0.0250872644988,0.0313692357362,0.112164583936,0.0247579199696,0.0583052934659
img_01681.jpg,0.527128257364,0.0496784576834,0.0505977039934,0.0499211183009,0.0642144398198,0.0602439390769,0.0568616488368,0.141354434925
img_01684.jpg,0.92828297293,0.0160237289798,0.00727476729483,0.0132065149556,0.00877870782785,0.00892463869166,0.00778501547512,0.0097236538454
img_01685.jpg,0.384746258302,0.0530282541298,0.0457214064957,0.0627176285324,0.239675843446,0.0750587799659,0.0483926919913,0.0906591371373
img_01687.jpg,0.685045703239,0.0293829657717,0.0276251362716,0.027997328382,0.0347298594585,0.0293091182891,0.027697551433,0.138212337155
img_01688.jpg,0.23277471613,0.0221845697984,0.0204816207459,0.0286063025401,0.0298163562901,0.0350406255196,0.0241034437055,0.606992365271
img_01689.jpg,0.753399036786,0.027388700273,0.0574044927949,0.0248514580145,0.0253563058283,0.0295867886005,0.0245375840338,0.0574756336693
img_01716.jpg,0.00925478538367,0.012896150419,0.00927207936794,0.00685068866605,0.934262566741,0.00858225326645,0.0077811349524,0.0111003412038
img_01717.jpg,0.428213843952,0.032936424448,0.023581414615,0.023079494652,0.418892253713,0.0236606958653,0.0233058979729,0.0263299747822
img_01724.jpg,0.875327123997,0.0147746598649,0.0152593434215,0.0113667291082,0.0237966624242,0.0359286127514,0.0114217451397,0.0121251232934
img_01745.jpg,0.45581496331,0.0775910437158,0.100764048213,0.0632077846395,0.0556953792115,0.0870461790588,0.0525004219695,0.107380179882
img_01771.jpg,0.934052183009,0.00926643062542,0.00748762358148,0.00758321217895,0.0156073127166,0.00752497696436,0.00775326455716,0.0107249963669
img_01773.jpg,0.884889190856,0.011558286756,0.010874930654,0.0157029436068,0.0115507314156,0.020828162409,0.0108549966928,0.0337407576096
img_01781.jpg,0.258321417245,0.0403406155666,0.0392941288442,0.0387454736235,0.44557046415,0.073210849322,0.039660629714,0.0648564215348
img_01782.jpg,0.072133276067,0.0383386628705,0.0281077634353,0.0280271151234,0.732851990243,0.031552105502,0.0284030019691,0.0405860847897
img_01802.jpg,0.640725197537,0.0482332745616,0.0419027110902,0.0435122181551,0.0884390138799,0.0448918973888,0.0430482756838,0.0492474117038
img_01803.jpg,0.409898224918,0.0918532161782,0.0762231112096,0.0633479003115,0.112407629266,0.0636711313781,0.0622263380274,0.120372448711
img_01824.jpg,0.863157290426,0.0117918944515,0.0110251039693,0.0307431254227,0.0120336014061,0.0216392939163,0.0114838208175,0.0381258695907
img_01825.jpg,0.800322112183,0.0268162982446,0.0206405986427,0.0208344379189,0.0650635249853,0.0219519692219,0.0206573183205,0.0237137404831
img_01831.jpg,0.848332906878,0.0157610053038,0.0110054798627,0.0114913342569,0.0159422136641,0.0705450302708,0.0116841448895,0.0152378848746
img_01834.jpg,0.852726571692,0.0156801837774,0.017013400094,0.0155459045544,0.02004511464,0.0230985113125,0.0154673540998,0.0404229598301
img_01847.jpg,0.0523534375532,0.0382338078837,0.0204926508124,0.0209582039458,0.0210421217498,0.0682293399191,0.0386638497446,0.740026588391
img_01853.jpg,0.332875776422,0.128735072415,0.0689968865324,0.107899782981,0.0679984360485,0.0880637872776,0.101625606582,0.103804651743
img_01856.jpg,0.811648977976,0.0226338556641,0.0207578517075,0.0208288359083,0.0229357122713,0.0233008025769,0.0208648650546,0.0570290988415
img_01860.jpg,0.242366979512,0.137697728093,0.095317034184,0.098443349614,0.107510746477,0.108166366566,0.0951669207134,0.115330874841
img_01862.jpg,0.885358959453,0.0163514897808,0.0131869890063,0.012625629417,0.0305093601419,0.0146722995989,0.01371061874,0.0135846538618
img_01874.jpg,0.800325713428,0.0191858983295,0.0177998884976,0.0179517914901,0.03676858914,0.065397702324,0.0191712388997,0.023399177891
img_01888.jpg,0.101426473126,0.062469226383,0.0556824671584,0.053884792919,0.39135666594,0.0773863669436,0.0514748181803,0.206319189349
img_01918.jpg,0.904777845638,0.0109173309426,0.00888635647885,0.0191945942626,0.0195223268442,0.00948013157101,0.00986422754745,0.0173571867149
img_01930.jpg,0.750095626112,0.0458150978976,0.0288339533606,0.0276664235221,0.0380821969107,0.0512494335761,0.0285834044264,0.0296738641942
img_01932.jpg,0.936947216446,0.0110506287708,0.00733681191737,0.00726380806783,0.014316072566,0.00712674742955,0.00720832427458,0.00875039052818
img_01955.jpg,0.0146503505501,0.0128111449905,0.0107465422574,0.067500283592,0.0123028324406,0.0586865233969,0.0108443420021,0.81245798077
img_01963.jpg,0.931425181021,0.0100048386773,0.00749481916723,0.00722264242429,0.00841595721047,0.0076937155771,0.00718903251758,0.0205538134049
img_01966.jpg,0.895785512429,0.0257365952301,0.0103112492183,0.0105652050812,0.0156927459046,0.0118732035413,0.0101097153218,0.0199257732733
img_01976.jpg,0.557790358366,0.0751300010583,0.0464529431182,0.0477792915845,0.0493229534376,0.0493560708078,0.0504402502592,0.123728131369
img_01983.jpg,0.619424016413,0.0334194931693,0.039572966299,0.0345118748189,0.147569633364,0.0500635017516,0.0333489323631,0.0420895818207
img_01984.jpg,0.844744318469,0.018246499384,0.0141498078299,0.0138011216984,0.0184871575224,0.0144209844119,0.0135919222594,0.062558188425
img_01995.jpg,0.058418652461,0.0400728257657,0.0271147362216,0.0681243094442,0.055006822482,0.0727635718986,0.0291796438408,0.649319437886
img_01996.jpg,0.500900194247,0.0466865377627,0.0379467943082,0.0569935863259,0.0637551242011,0.205267838225,0.0407424767351,0.0477074481948
img_02001.jpg,0.161094790979,0.0654592239546,0.051473117898,0.0523648630621,0.067277669898,0.46566806438,0.0509392205309,0.0857230492967
img_02006.jpg,0.819748817585,0.0221742210565,0.0190188588134,0.0317092859469,0.0239417948563,0.0411718016435,0.0189401672592,0.0232950528391
img_02066.jpg,0.485165429712,0.0612054901082,0.0782138346271,0.0603232599196,0.110697129017,0.0742541467452,0.0587369961511,0.0714037137199
img_02074.jpg,0.88316081082,0.0213172356702,0.0140829043859,0.0145796006905,0.0193809264128,0.0151092024809,0.0141277778207,0.0182415417194
img_02076.jpg,0.506284139464,0.0455689905723,0.038819879741,0.0613457843224,0.204041900167,0.0386615459104,0.0387508149625,0.0665269448605
img_02077.jpg,0.628163872618,0.0610229199671,0.0391184658913,0.0440475259169,0.0562731983975,0.0801188192616,0.0393358766761,0.0519193212716
img_02078.jpg,0.267813412636,0.0251200375068,0.0179976364018,0.0177749304691,0.615817892118,0.0189612712358,0.0177651350798,0.0187496845525
img_02082.jpg,0.0533483312398,0.00947670593369,0.00768579745702,0.00772938085219,0.896828298528,0.00877404144293,0.00812295445047,0.00803449009552
img_02083.jpg,0.217387144251,0.0083637223638,0.00735177874878,0.00738739553305,0.732368742097,0.00745077184647,0.00778624213437,0.0119042030261
img_02096.jpg,0.879665755349,0.0228677079162,0.00895894472965,0.00737338259158,0.00774297159885,0.0106399035494,0.007285560921,0.0554657733445
img_02119.jpg,0.872494785378,0.0167510258723,0.0158742512003,0.015535571519,0.01785082178,0.0298723040054,0.0156935690516,0.0159276711932
img_02124.jpg,0.59449390265,0.0364612818444,0.0342313051905,0.0343249628085,0.0646616424668,0.153078488124,0.0359358745546,0.0468125423611
img_02135.jpg,0.0360407498366,0.0222033198686,0.0132294740112,0.0171319560616,0.865942974809,0.016005125254,0.0137452853935,0.0157011147655
img_02146.jpg,0.334379185688,0.0430095587842,0.0433123939539,0.0430539984502,0.40276570241,0.0428627308159,0.0437618784683,0.0468545514296
img_02159.jpg,0.503146620785,0.0427319033197,0.0344795918194,0.0331498839447,0.250346806309,0.0379263534658,0.0337781639586,0.0644406763979
img_02172.jpg,0.934017841931,0.00779201708895,0.00786046149111,0.00756280868151,0.0156126669741,0.0085848264676,0.00838658912851,0.0101827882376
img_02180.jpg,0.37528915738,0.0334330013079,0.085109307291,0.0623608875811,0.0320233071777,0.0770362557892,0.0341230267613,0.300625056711
img_02188.jpg,0.225529060677,0.0835454293738,0.0582804033186,0.0580887113103,0.059737504892,0.0821370046607,0.0572545806291,0.375427305138
img_02194.jpg,0.824105990992,0.0182817178515,0.0183002805533,0.0180043335952,0.034510740948,0.0358900064188,0.0186653189737,0.032241610668
img_02209.jpg,0.641818777154,0.033067901617,0.0314845720225,0.0514444880451,0.0606755669879,0.0885517359721,0.0383893769198,0.0545675812817
img_02216.jpg,0.283838154574,0.0671212515924,0.0581989393507,0.0575335524902,0.336649610371,0.0627213958585,0.0605360295407,0.0734010662225
img_02231.jpg,0.447535935806,0.109217999524,0.0518361605586,0.0518265451994,0.162549732425,0.0528994541782,0.057851983486,0.0662821888231
img_02235.jpg,0.106937489624,0.0624378148512,0.0408077921743,0.0965849305476,0.131280002278,0.0860767840702,0.0415819251463,0.434293261308
img_02252.jpg,0.917791700003,0.0116483066626,0.0101547980812,0.0100907749959,0.0184607073655,0.0102100551546,0.0101441927639,0.0114994649736
img_02268.jpg,0.866935756787,0.0127752529505,0.00947462815713,0.00958013039359,0.0711501821143,0.0093386310559,0.00950540001636,0.0112400185256
img_02270.jpg,0.792602593171,0.0277834647115,0.0306251941324,0.0222723571376,0.0510175755881,0.0290456774368,0.0235275975475,0.0231255402752
img_02281.jpg,0.169066358387,0.144356118828,0.0627238353265,0.0622415550183,0.358751984464,0.0733239215429,0.0607263530751,0.0688098733571
img_02282.jpg,0.10598466558,0.0980211815585,0.0574205490464,0.0761984872391,0.0604149398438,0.101489701659,0.0597729838631,0.440697491209
img_02285.jpg,0.782428818192,0.0191843979432,0.0153990570734,0.0155122835317,0.1199594769,0.0158294047624,0.0162218950135,0.0154646665841
img_02291.jpg,0.764452886751,0.0339454032087,0.0311386241813,0.0305699636384,0.0391878806031,0.0311168848375,0.0378185792835,0.0317697774966
img_02299.jpg,0.757005344508,0.0101641235204,0.01350867332,0.00866293926857,0.0102936591492,0.17209006352,0.0190476339167,0.00922756279677
img_02305.jpg,0.0521916168176,0.047279061822,0.037249134908,0.0541112214063,0.077935383121,0.0604121522616,0.047707790554,0.623113639109
